<?xml version="1.0"?>
<opencv_storage>
<Distortion type_id="opencv-matrix">
  <rows>5</rows>
  <cols>1</cols>
  <dt>f</dt>
  <data>
    2.20724996e-002 1.18605137e-001 -1.31291412e-002 8.48482735e-003
    -7.26698756e-001</data></Distortion>
</opencv_storage>
