<?xml version="1.0"?>
<opencv_storage>
<Intrinsics type_id="opencv-matrix">
  <rows>3</rows>
  <cols>3</cols>
  <dt>f</dt>
  <data>
    6.02275146e+002 0. 3.34435059e+002 0. 6.01180420e+002
    2.19819839e+002 0. 0. 1.</data></Intrinsics>
</opencv_storage>
